StartChar: uni2050
Encoding: 8272 8272 459
Width: 930
VWidth: 2000
Flags: MW
LayerCount: 2
Fore
Refer: 457 8256 S 1 0 0 1 -0.00020565 0 2
Refer: 458 8255 N 1 0 0 1 -0.00020565 0 2
Validated: 32769
EndChar
